{
  "isActive": true,
  "startTime": 1764645212344,
  "lastUpdate": 1764691092613,
  "lastNetworkScan": 1764691052482,
  "statistics": {
    "uptime": 45880268,
    "modulesManaged": 2,
    "totalOperations": 0,
    "networkResources": 5.549999999999997,
    "utilization": 96.57170449058427,
    "moduleRestarts": 1
  }
}