{
  "isActive": true,
  "startTime": 1764645212473,
  "lastUpdate": 1764652438252,
  "lastTargetRefresh": 0,
  "activeTargets": [
    {
      "hostname": "vitalife",
      "xpPerSecond": 10.963284046127608,
      "weakenTime": 61.738047405453784,
      "xpGain": 676.8517501592814,
      "requiredHackLevel": 776
    },
    {
      "hostname": "zeus-med",
      "xpPerSecond": 10.475523700430879,
      "weakenTime": 61.34942144292233,
      "xpGain": 642.6673183330552,
      "requiredHackLevel": 817
    },
    {
      "hostname": "omnia",
      "xpPerSecond": 9.89467619496093,
      "weakenTime": 67.02371703346171,
      "xpGain": 663.1779774287909,
      "requiredHackLevel": 862
    },
    {
      "hostname": "helios",
      "xpPerSecond": 9.714834066329253,
      "weakenTime": 68.26446781291989,
      "xpGain": 663.1779774287909,
      "requiredHackLevel": 878
    },
    {
      "hostname": "aerocorp",
      "xpPerSecond": 9.649049609532426,
      "weakenTime": 70.1469862369254,
      "xpGain": 676.8517501592814,
      "requiredHackLevel": 882
    }
  ],
  "currentAllocation": {
    "moduleName": "xp-farmer",
    "allocatedRam": 8418372.9,
    "serverAllocations": {
      "home": 8388568.9,
      "daemon-24": 1024,
      "daemon-23": 1024,
      "daemon-22": 1024,
      "daemon-21": 1024,
      "daemon-20": 1024,
      "daemon-19": 1024,
      "daemon-18": 1024,
      "daemon-17": 1024,
      "daemon-16": 1024,
      "daemon-15": 1024,
      "daemon-14": 1024,
      "daemon-13": 1024,
      "daemon-12": 1024,
      "daemon-11": 1024,
      "daemon-10": 1024,
      "daemon-9": 1024,
      "daemon-8": 1024,
      "daemon-7": 1024,
      "daemon-6": 1024,
      "daemon-5": 1024,
      "daemon-4": 1024,
      "daemon-3": 1024,
      "daemon-2": 1024,
      "daemon-1": 1024,
      "daemon-0": 1024,
      "iron-gym": 32,
      "harakiri-sushi": 16,
      "hong-fang-tea": 16,
      "joesguns": 16,
      "sigma-cosmetics": 16,
      "CSEC": 8,
      "omega-net": 32,
      "silver-helix": 64,
      "nectar-net": 16,
      "phantasy": 32,
      "avmnite-02h": 16,
      "catalyst": 64,
      "alpha-ent": 16,
      "lexo-corp": 16,
      "global-pharm": 16,
      "unitalife": 64,
      "microdyne": 16,
      "vitalife": 32,
      "blade": 64,
      "powerhouse-fitness": 32,
      "solaris": 16,
      "run4theh111z": 128,
      "fulcrumtech": 2048,
      ".": 16,
      "neo-net": 32,
      "netlink": 64,
      "zb-institute": 32,
      "aevum-police": 32,
      "omnia": 64,
      "univ-energy": 64,
      "titan-labs": 32,
      "helios": 256,
      "omnitek": 128,
      "rothman-uni": 16,
      "the-hub": 32,
      "I.I.I.I": 256,
      "rho-construction": 32,
      "summit-uni": 32,
      "millenium-fitness": 256,
      "zer0": 32,
      "foodnstuff": 16,
      "n00dles": 4,
      "max-hardware": 32
    }
  },
  "deployedPIDs": {},
  "statistics": {
    "totalXPGained": 2668755600,
    "totalOperations": 55,
    "averageXPPerSecond": 369338.1156550733,
    "uptimeSeconds": 7225.779,
    "hackingLevelGained": 1,
    "startingHackingLevel": 10332
  }
}